---------------------------------------------------------------------------------
                                      DFS                                       
---------------------------------------------------------------------------------
            idx  path_length         tax       time  time_limit_reached   iteration  ram_usage
count  50.00000    50.000000   50.000000  50.000000           50.000000    50.00000  50.000000
mean   24.50000    26.640000  -16.147969   2.444966            0.220000  1138.40000   5.831832
std    14.57738    11.682465   26.996497   4.192658            0.418452  2075.47579   0.027873
min     0.00000     8.000000 -148.000000   0.090310            0.000000    29.00000   5.800629
25%    12.25000    20.000000  -16.781250   0.115361            0.000000    45.50000   5.807189
50%    24.50000    26.500000   -9.546875   0.141200            0.000000    54.50000   5.823566
75%    36.75000    30.000000   -4.875000   0.290826            0.000000   122.50000   5.852101
max    49.00000    55.000000    1.000000  10.234375            1.000000  7871.00000   5.890846
---------------------------------------------------------------------------------
                                       A*                                       
---------------------------------------------------------------------------------
            idx  path_length         tax       time  time_limit_reached    iteration  ram_usage
count  50.00000    50.000000   48.000000  50.000000           50.000000    50.000000  50.000000
mean   24.50000    28.480000  -63.583333   9.334703            0.060000   850.540000   5.872241
std    14.57738    11.988498  110.551390  15.134939            0.239898  1476.370262   0.040572
min     0.00000     0.000000 -502.000000   0.139974            0.000000    32.000000   5.772900
25%    12.25000    20.000000  -52.500000   0.435592            0.000000    94.500000   5.866157
50%    24.50000    30.000000  -15.000000   1.696801            0.000000   301.500000   5.880121
75%    36.75000    38.000000   -3.500000  12.915941            0.000000  1117.750000   5.896572
max    49.00000    53.000000    4.000000  60.651909            1.000000  8639.000000   5.922733
---------------------------------------------------------------------------------
                                      RBFS                                      
---------------------------------------------------------------------------------
            idx  path_length         tax       time  time_limit_reached     iteration  ram_usage
count  50.00000    50.000000   50.000000  50.000000           50.000000     50.000000  50.000000
mean   24.50000    35.980000  -12.840000   2.350218            0.020000   3019.020000   4.690005
std    14.57738    17.318729   22.348227  10.133381            0.141421  12701.958101   0.012843
min     0.00000     3.000000 -120.000000   0.013004            0.000000     22.000000   4.659878
25%    12.25000    25.000000  -10.000000   0.023675            0.000000     44.500000   4.682269
50%    24.50000    30.000000   -4.000000   0.060114            0.000000     85.000000   4.689991
75%    36.75000    44.750000    0.000000   0.148907            0.000000    235.500000   4.695877
max    49.00000    78.000000    0.000000  60.000311            1.000000  70284.000000   4.714256
